0 , 4 , 0.01685 , 0.15775 , 5
0 , 5 , 0.006 , 0.17061 , 1
0 , 14 , 0.01891 , 0.49216 , 2
0 , 15 , 0.0176 , 0.5113 , 4
0 , 16 , 0.0315 , 0.5376 , 1
0 , 24 , 0.01258 , 0.82974 , 1
0 , 25 , 0.02219 , 0.84749 , 6
1 , 3 , 0.05721 , 0.11728 , 5
1 , 4 , 0.04425 , 0.15268 , 7
1 , 5 , 0.06115 , 0.18344 , 4
1 , 6 , 0.06043 , 0.22035 , 3
1 , 13 , 0.06021 , 0.44595 , 1
1 , 14 , 0.0501 , 0.47923 , 7
1 , 15 , 0.05016 , 0.51512 , 6
1 , 16 , 0.05296 , 0.55023 , 5
1 , 23 , 0.06134 , 0.78427 , 3
1 , 24 , 0.05208 , 0.81221 , 8
1 , 25 , 0.04759 , 0.85625 , 6
1 , 26 , 0.04923 , 0.87635 , 4
2 , 3 , 0.08137 , 0.11366 , 7
2 , 4 , 0.08514 , 0.15069 , 6
2 , 5 , 0.08572 , 0.18603 , 7
2 , 6 , 0.07849 , 0.21551 , 10
2 , 7 , 0.08813 , 0.24252 , 5
2 , 12 , 0.08693 , 0.42338 , 8
2 , 13 , 0.08321 , 0.44427 , 11
2 , 14 , 0.08396 , 0.4792 , 7
2 , 15 , 0.077 , 0.51064 , 4
2 , 16 , 0.09615 , 0.54877 , 2
2 , 17 , 0.08293 , 0.57346 , 4
2 , 22 , 0.0948 , 0.75266 , 4
2 , 23 , 0.0825 , 0.79909 , 1
2 , 24 , 0.09006 , 0.81897 , 5
2 , 25 , 0.08308 , 0.84553 , 10
2 , 26 , 0.08264 , 0.88066 , 6
2 , 27 , 0.08049 , 0.91082 , 5
3 , 1 , 0.13035 , 0.05636 , 2
3 , 2 , 0.11561 , 0.07931 , 8
3 , 3 , 0.11541 , 0.11659 , 6
3 , 4 , 0.11697 , 0.15659 , 9
3 , 6 , 0.12055 , 0.21852 , 4
3 , 7 , 0.11727 , 0.24742 , 7
3 , 8 , 0.12304 , 0.2692 , 5
3 , 11 , 0.1285 , 0.38827 , 2
3 , 12 , 0.11717 , 0.42562 , 8
3 , 13 , 0.11684 , 0.45345 , 5
3 , 14 , 0.11449 , 0.48183 , 6
3 , 15 , 0.11655 , 0.51794 , 4
3 , 16 , 0.11447 , 0.54367 , 5
3 , 17 , 0.12166 , 0.58016 , 8
3 , 18 , 0.12274 , 0.61784 , 4
3 , 21 , 0.12518 , 0.72706 , 6
3 , 22 , 0.12833 , 0.74394 , 4
3 , 23 , 0.11245 , 0.78331 , 6
3 , 24 , 0.11695 , 0.81361 , 8
3 , 25 , 0.11327 , 0.85202 , 5
3 , 26 , 0.11834 , 0.89187 , 8
3 , 27 , 0.12012 , 0.91942 , 6
3 , 28 , 0.12049 , 0.9447 , 9
4 , 0 , 0.16087 , 0.01627 , 8
4 , 1 , 0.14785 , 0.04831 , 6
4 , 2 , 0.14612 , 0.08276 , 4
4 , 3 , 0.15287 , 0.11371 , 6
4 , 4 , 0.1466 , 0.14862 , 9
4 , 5 , 0.15301 , 0.17737 , 5
4 , 6 , 0.15274 , 0.20348 , 3
4 , 7 , 0.14836 , 0.25641 , 8
4 , 8 , 0.14855 , 0.27169 , 7
4 , 9 , 0.16286 , 0.3237 , 2
4 , 10 , 0.16215 , 0.34759 , 2
4 , 11 , 0.15202 , 0.38141 , 8
4 , 12 , 0.15136 , 0.41927 , 3
4 , 13 , 0.15671 , 0.45178 , 4
4 , 14 , 0.14257 , 0.4798 , 6
4 , 15 , 0.15494 , 0.51547 , 7
4 , 16 , 0.14201 , 0.55042 , 5
4 , 17 , 0.15239 , 0.58421 , 10
4 , 18 , 0.14785 , 0.6121 , 7
4 , 19 , 0.15543 , 0.64875 , 3
4 , 20 , 0.15682 , 0.69659 , 2
4 , 21 , 0.14804 , 0.71874 , 8
4 , 22 , 0.1527 , 0.75033 , 5
4 , 23 , 0.15355 , 0.78407 , 9
4 , 24 , 0.14108 , 0.82443 , 3
4 , 25 , 0.1492 , 0.84976 , 5
4 , 26 , 0.14641 , 0.88337 , 3
4 , 27 , 0.14645 , 0.91467 , 5
4 , 28 , 0.1516 , 0.94985 , 9
4 , 29 , 0.15227 , 0.98334 , 6
5 , 0 , 0.17804 , 0.02077 , 6
5 , 1 , 0.18659 , 0.047 , 6
5 , 2 , 0.18488 , 0.07917 , 5
5 , 3 , 0.17945 , 0.11329 , 8
5 , 4 , 0.18134 , 0.15058 , 7
5 , 5 , 0.1874 , 0.18742 , 6
5 , 6 , 0.18705 , 0.21483 , 8
5 , 7 , 0.18506 , 0.24536 , 7
5 , 8 , 0.18402 , 0.28645 , 8
5 , 9 , 0.17619 , 0.3077 , 3
5 , 10 , 0.17888 , 0.35846 , 5
5 , 11 , 0.18278 , 0.38267 , 6
5 , 12 , 0.18822 , 0.41707 , 4
5 , 13 , 0.18714 , 0.44399 , 6
5 , 14 , 0.18485 , 0.48116 , 7
5 , 15 , 0.18102 , 0.51751 , 6
5 , 16 , 0.1864 , 0.55542 , 10
5 , 17 , 0.18377 , 0.57865 , 6
5 , 18 , 0.18321 , 0.60836 , 9
5 , 19 , 0.18859 , 0.64717 , 2
5 , 20 , 0.17255 , 0.68056 , 2
5 , 21 , 0.18248 , 0.72049 , 4
5 , 22 , 0.18381 , 0.74643 , 6
5 , 23 , 0.18032 , 0.78387 , 5
5 , 24 , 0.17893 , 0.82379 , 5
5 , 25 , 0.18147 , 0.85303 , 4
5 , 26 , 0.18503 , 0.87855 , 6
5 , 27 , 0.18363 , 0.91363 , 8
5 , 28 , 0.18334 , 0.95495 , 9
5 , 29 , 0.17279 , 0.98254 , 4
6 , 1 , 0.21551 , 0.05827 , 2
6 , 2 , 0.21916 , 0.07651 , 4
6 , 3 , 0.21468 , 0.11157 , 5
6 , 4 , 0.21657 , 0.15108 , 5
6 , 5 , 0.2152 , 0.18263 , 9
6 , 6 , 0.21743 , 0.21352 , 6
6 , 7 , 0.21567 , 0.25082 , 11
6 , 8 , 0.20099 , 0.29606 , 1
6 , 11 , 0.21601 , 0.39048 , 2
6 , 12 , 0.22102 , 0.41339 , 7
6 , 13 , 0.21416 , 0.45493 , 13
6 , 14 , 0.21762 , 0.48245 , 7
6 , 15 , 0.20598 , 0.50879 , 4
6 , 16 , 0.21308 , 0.55325 , 8
6 , 17 , 0.21462 , 0.5857 , 7
6 , 18 , 0.21993 , 0.6082 , 4
6 , 21 , 0.21273 , 0.7267 , 5
6 , 22 , 0.21414 , 0.75154 , 9
6 , 23 , 0.21723 , 0.78143 , 8
6 , 24 , 0.21586 , 0.82512 , 7
6 , 25 , 0.21987 , 0.84757 , 11
6 , 26 , 0.21862 , 0.88696 , 8
6 , 27 , 0.22063 , 0.90944 , 4
6 , 28 , 0.21641 , 0.9547 , 2
7 , 2 , 0.24709 , 0.08995 , 6
7 , 3 , 0.25203 , 0.12207 , 6
7 , 4 , 0.24954 , 0.14571 , 4
7 , 5 , 0.25105 , 0.17981 , 6
7 , 6 , 0.25096 , 0.21981 , 11
7 , 7 , 0.24146 , 0.2464 , 4
7 , 12 , 0.24775 , 0.42535 , 3
7 , 13 , 0.24747 , 0.45074 , 7
7 , 14 , 0.25441 , 0.48503 , 3
7 , 15 , 0.25134 , 0.5153 , 8
7 , 16 , 0.25019 , 0.54698 , 9
7 , 17 , 0.24222 , 0.57177 , 3
7 , 22 , 0.24085 , 0.75892 , 2
7 , 23 , 0.25445 , 0.78314 , 5
7 , 24 , 0.24978 , 0.80904 , 4
7 , 25 , 0.24749 , 0.85699 , 5
7 , 26 , 0.25057 , 0.88248 , 11
7 , 27 , 0.25072 , 0.91231 , 8
8 , 3 , 0.27454 , 0.12015 , 6
8 , 4 , 0.2826 , 0.15458 , 6
8 , 5 , 0.28622 , 0.185 , 8
8 , 6 , 0.29204 , 0.20155 , 1
8 , 13 , 0.27506 , 0.45812 , 3
8 , 14 , 0.27804 , 0.48423 , 6
8 , 15 , 0.28511 , 0.51711 , 6
8 , 16 , 0.28313 , 0.54402 , 5
8 , 24 , 0.28371 , 0.8171 , 8
8 , 25 , 0.2846 , 0.85476 , 5
8 , 26 , 0.28066 , 0.87519 , 3
8 , 27 , 0.27126 , 0.90407 , 2
9 , 3 , 0.30056 , 0.13182 , 1
9 , 4 , 0.31344 , 0.1522 , 3
9 , 5 , 0.31147 , 0.17787 , 5
9 , 14 , 0.30956 , 0.49355 , 3
9 , 15 , 0.30978 , 0.51106 , 4
9 , 24 , 0.31126 , 0.82914 , 4
9 , 25 , 0.30985 , 0.84612 , 4
10 , 4 , 0.34641 , 0.16092 , 3
10 , 5 , 0.36209 , 0.18427 , 2
10 , 14 , 0.35152 , 0.49876 , 2
10 , 15 , 0.35516 , 0.51195 , 4
10 , 24 , 0.36233 , 0.82717 , 2
10 , 25 , 0.3532 , 0.8453 , 5
10 , 26 , 0.36526 , 0.87177 , 2
11 , 3 , 0.39313 , 0.12033 , 6
11 , 4 , 0.37921 , 0.15752 , 7
11 , 5 , 0.37597 , 0.1882 , 6
11 , 6 , 0.39238 , 0.22092 , 2
11 , 14 , 0.38213 , 0.48459 , 8
11 , 15 , 0.38306 , 0.52317 , 5
11 , 16 , 0.38451 , 0.54332 , 9
11 , 24 , 0.38581 , 0.81807 , 9
11 , 25 , 0.37928 , 0.84556 , 3
11 , 26 , 0.38236 , 0.87593 , 7
11 , 27 , 0.39602 , 0.90012 , 1
12 , 2 , 0.4209 , 0.07984 , 1
12 , 3 , 0.41218 , 0.11408 , 7
12 , 4 , 0.4195 , 0.14902 , 3
12 , 5 , 0.41341 , 0.17953 , 8
12 , 6 , 0.41782 , 0.21658 , 8
12 , 7 , 0.42112 , 0.23779 , 6
12 , 12 , 0.4228 , 0.42154 , 1
12 , 13 , 0.41493 , 0.44997 , 8
12 , 14 , 0.41583 , 0.48512 , 11
12 , 15 , 0.4164 , 0.51872 , 4
12 , 16 , 0.42069 , 0.54158 , 4
12 , 17 , 0.42487 , 0.57923 , 5
12 , 22 , 0.42919 , 0.76069 , 2
12 , 23 , 0.41875 , 0.77883 , 6
12 , 24 , 0.41305 , 0.81268 , 11
12 , 25 , 0.41291 , 0.85495 , 6
12 , 26 , 0.42411 , 0.88375 , 3
12 , 27 , 0.4215 , 0.91625 , 6
13 , 1 , 0.45138 , 0.05975 , 5
13 , 2 , 0.45263 , 0.0825 , 5
13 , 3 , 0.45241 , 0.12199 , 6
13 , 4 , 0.45105 , 0.1513 , 7
13 , 5 , 0.44975 , 0.1822 , 7
13 , 6 , 0.45046 , 0.20444 , 2
13 , 7 , 0.44834 , 0.24834 , 5
13 , 8 , 0.45238 , 0.27775 , 2
13 , 11 , 0.46344 , 0.38623 , 1
13 , 12 , 0.44968 , 0.41595 , 7
13 , 13 , 0.44707 , 0.44785 , 5
13 , 14 , 0.45449 , 0.4796 , 11
13 , 15 , 0.44898 , 0.51944 , 7
13 , 16 , 0.44242 , 0.55272 , 7
13 , 17 , 0.44169 , 0.57591 , 6
13 , 18 , 0.4513 , 0.61185 , 3
13 , 21 , 0.46285 , 0.73257 , 1
13 , 22 , 0.4499 , 0.75265 , 10
13 , 23 , 0.44994 , 0.77519 , 5
13 , 24 , 0.45572 , 0.81326 , 6
13 , 25 , 0.44726 , 0.84819 , 6
13 , 26 , 0.44652 , 0.87574 , 5
13 , 27 , 0.45132 , 0.91389 , 4
13 , 28 , 0.452 , 0.9445 , 6
14 , 0 , 0.49114 , 0.02183 , 5
14 , 1 , 0.48178 , 0.04755 , 7
14 , 2 , 0.48667 , 0.08634 , 9
14 , 3 , 0.48047 , 0.11931 , 6
14 , 4 , 0.49224 , 0.14275 , 3
14 , 5 , 0.47811 , 0.18126 , 10
14 , 6 , 0.48372 , 0.2204 , 4
14 , 7 , 0.48635 , 0.24947 , 3
14 , 8 , 0.47982 , 0.28064 , 5
14 , 9 , 0.48407 , 0.3055 , 4
14 , 10 , 0.49267 , 0.35886 , 2
14 , 11 , 0.48603 , 0.37901 , 7
14 , 12 , 0.48304 , 0.42 , 8
14 , 13 , 0.48721 , 0.45623 , 3
14 , 14 , 0.48617 , 0.49068 , 2
14 , 15 , 0.47666 , 0.51898 , 6
14 , 16 , 0.48345 , 0.55737 , 4
14 , 17 , 0.49385 , 0.58719 , 2
14 , 18 , 0.48334 , 0.62024 , 8
14 , 19 , 0.4853 , 0.64485 , 8
14 , 20 , 0.4934 , 0.69672 , 2
14 , 21 , 0.48438 , 0.71397 , 6
14 , 22 , 0.48134 , 0.74575 , 5
14 , 23 , 0.48003 , 0.78148 , 9
14 , 24 , 0.48359 , 0.8129 , 5
14 , 25 , 0.48629 , 0.84612 , 11
14 , 26 , 0.48407 , 0.88638 , 8
14 , 27 , 0.48655 , 0.92139 , 2
14 , 28 , 0.48286 , 0.94776 , 9
14 , 29 , 0.48609 , 0.98497 , 4
15 , 0 , 0.51393 , 0.01546 , 6
15 , 1 , 0.5156 , 0.05101 , 13
15 , 2 , 0.51595 , 0.08021 , 7
15 , 3 , 0.51296 , 0.11412 , 4
15 , 4 , 0.51914 , 0.15401 , 8
15 , 5 , 0.5168 , 0.18649 , 8
15 , 6 , 0.51609 , 0.22112 , 5
15 , 7 , 0.51339 , 0.25666 , 6
15 , 8 , 0.52023 , 0.28219 , 7
15 , 9 , 0.51547 , 0.31153 , 3
15 , 10 , 0.52186 , 0.36125 , 3
15 , 11 , 0.51651 , 0.38725 , 5
15 , 12 , 0.52019 , 0.41736 , 7
15 , 13 , 0.51206 , 0.45364 , 9
15 , 14 , 0.51553 , 0.48266 , 6
15 , 15 , 0.51116 , 0.5265 , 6
15 , 16 , 0.51975 , 0.54786 , 4
15 , 17 , 0.51794 , 0.58335 , 6
15 , 18 , 0.50937 , 0.62311 , 7
15 , 19 , 0.51643 , 0.64882 , 3
15 , 20 , 0.51071 , 0.69212 , 5
15 , 21 , 0.51367 , 0.7149 , 5
15 , 22 , 0.51854 , 0.74459 , 2
15 , 23 , 0.51606 , 0.78687 , 6
15 , 24 , 0.51686 , 0.81679 , 11
15 , 25 , 0.51737 , 0.85306 , 4
15 , 26 , 0.51427 , 0.87862 , 8
15 , 27 , 0.5205 , 0.91016 , 3
15 , 28 , 0.51906 , 0.95077 , 7
15 , 29 , 0.52321 , 0.97344 , 5
16 , 1 , 0.54529 , 0.05408 , 7
16 , 2 , 0.55081 , 0.08118 , 7
16 , 3 , 0.54762 , 0.11115 , 8
16 , 4 , 0.55205 , 0.15789 , 4
16 , 5 , 0.54481 , 0.18094 , 5
16 , 6 , 0.55263 , 0.21641 , 7
16 , 7 , 0.55958 , 0.24368 , 6
16 , 8 , 0.54564 , 0.2765 , 7
16 , 11 , 0.54255 , 0.38591 , 6
16 , 12 , 0.55191 , 0.41331 , 8
16 , 13 , 0.55631 , 0.45491 , 7
16 , 14 , 0.5459 , 0.47936 , 10
16 , 15 , 0.54913 , 0.5182 , 4
16 , 16 , 0.54205 , 0.55035 , 4
16 , 17 , 0.54594 , 0.58384 , 4
16 , 18 , 0.54501 , 0.62026 , 5
16 , 21 , 0.54032 , 0.72219 , 3
16 , 22 , 0.55038 , 0.74936 , 7
16 , 23 , 0.55595 , 0.78101 , 5
16 , 24 , 0.55861 , 0.81161 , 5
16 , 25 , 0.54985 , 0.84956 , 5
16 , 26 , 0.54909 , 0.88034 , 5
16 , 27 , 0.5464 , 0.91205 , 8
16 , 28 , 0.54354 , 0.94986 , 4
17 , 2 , 0.58101 , 0.08879 , 4
17 , 3 , 0.58221 , 0.11277 , 7
17 , 4 , 0.58783 , 0.14805 , 7
17 , 5 , 0.57973 , 0.18744 , 5
17 , 6 , 0.58505 , 0.21179 , 9
17 , 7 , 0.58462 , 0.24244 , 3
17 , 12 , 0.58073 , 0.42303 , 4
17 , 13 , 0.58833 , 0.44913 , 5
17 , 14 , 0.581 , 0.47966 , 7
17 , 15 , 0.58074 , 0.51077 , 12
17 , 16 , 0.58115 , 0.55681 , 6
17 , 17 , 0.57899 , 0.5789 , 9
17 , 22 , 0.57422 , 0.752 , 4
17 , 23 , 0.58668 , 0.78098 , 8
17 , 24 , 0.59743 , 0.80401 , 1
17 , 25 , 0.58223 , 0.84842 , 8
17 , 26 , 0.5821 , 0.88325 , 9
17 , 27 , 0.57294 , 0.91019 , 4
17 , 28 , 0.56967 , 0.93696 , 1
18 , 3 , 0.61584 , 0.1203 , 6
18 , 4 , 0.60306 , 0.1456 , 1
18 , 5 , 0.61675 , 0.18489 , 9
18 , 6 , 0.61422 , 0.21548 , 5
18 , 13 , 0.61134 , 0.45114 , 4
18 , 14 , 0.6199 , 0.48074 , 7
18 , 15 , 0.62194 , 0.52076 , 4
18 , 16 , 0.61239 , 0.54538 , 7
18 , 23 , 0.60996 , 0.78521 , 4
18 , 24 , 0.626 , 0.81509 , 3
18 , 25 , 0.61592 , 0.84909 , 9
18 , 26 , 0.61135 , 0.88098 , 6
19 , 4 , 0.64675 , 0.1565 , 3
19 , 5 , 0.65153 , 0.18223 , 3
19 , 14 , 0.63691 , 0.48625 , 2
19 , 15 , 0.64821 , 0.51644 , 3
19 , 16 , 0.63933 , 0.53653 , 1
19 , 24 , 0.64618 , 0.82957 , 3
19 , 25 , 0.65297 , 0.8512 , 8
19 , 26 , 0.63849 , 0.87628 , 1
20 , 4 , 0.69772 , 0.14924 , 1
20 , 5 , 0.68643 , 0.1747 , 2
20 , 15 , 0.68807 , 0.51488 , 5
20 , 24 , 0.69486 , 0.83299 , 1
20 , 25 , 0.69366 , 0.84771 , 3
21 , 3 , 0.71839 , 0.12364 , 3
21 , 4 , 0.71502 , 0.14386 , 4
21 , 5 , 0.7211 , 0.18179 , 7
21 , 6 , 0.71946 , 0.20606 , 3
21 , 13 , 0.71847 , 0.46131 , 2
21 , 14 , 0.71625 , 0.48924 , 7
21 , 15 , 0.71996 , 0.51281 , 6
21 , 16 , 0.72427 , 0.5426 , 3
21 , 23 , 0.73061 , 0.78878 , 1
21 , 24 , 0.71986 , 0.81127 , 3
21 , 25 , 0.71819 , 0.84827 , 11
21 , 26 , 0.72397 , 0.87992 , 2
22 , 2 , 0.76382 , 0.09883 , 1
22 , 3 , 0.74256 , 0.12459 , 3
22 , 4 , 0.74865 , 0.14826 , 9
22 , 5 , 0.74837 , 0.18393 , 10
22 , 6 , 0.75269 , 0.21415 , 7
22 , 7 , 0.76548 , 0.25658 , 1
22 , 13 , 0.74505 , 0.44808 , 5
22 , 14 , 0.74905 , 0.48379 , 7
22 , 15 , 0.75594 , 0.52159 , 4
22 , 16 , 0.75092 , 0.54694 , 5
22 , 17 , 0.7574 , 0.58351 , 4
22 , 22 , 0.76634 , 0.76657 , 1
22 , 23 , 0.75334 , 0.78045 , 10
22 , 24 , 0.75567 , 0.80159 , 1
22 , 25 , 0.74755 , 0.84179 , 6
22 , 26 , 0.74866 , 0.88396 , 5
22 , 27 , 0.75653 , 0.91749 , 4
23 , 1 , 0.78957 , 0.04843 , 4
23 , 2 , 0.78417 , 0.07717 , 8
23 , 3 , 0.77842 , 0.11139 , 2
23 , 4 , 0.78535 , 0.13967 , 3
23 , 5 , 0.78368 , 0.17727 , 4
23 , 6 , 0.78195 , 0.2208 , 5
23 , 7 , 0.77329 , 0.2534 , 6
23 , 8 , 0.79434 , 0.27271 , 2
23 , 11 , 0.79585 , 0.39205 , 2
23 , 12 , 0.78097 , 0.41816 , 9
23 , 13 , 0.78492 , 0.44266 , 5
23 , 14 , 0.78407 , 0.48611 , 8
23 , 15 , 0.78372 , 0.51928 , 8
23 , 16 , 0.78233 , 0.55307 , 3
23 , 17 , 0.78819 , 0.5866 , 8
23 , 18 , 0.79066 , 0.61268 , 4
23 , 21 , 0.78899 , 0.73001 , 1
23 , 22 , 0.78309 , 0.75677 , 6
23 , 23 , 0.7761 , 0.78958 , 4
23 , 24 , 0.78207 , 0.82485 , 7
23 , 25 , 0.78398 , 0.84349 , 8
23 , 26 , 0.78139 , 0.88268 , 6
23 , 27 , 0.78089 , 0.91113 , 5
23 , 28 , 0.78881 , 0.94527 , 4
24 , 0 , 0.81975 , 0.0288 , 1
24 , 1 , 0.81538 , 0.05171 , 7
24 , 2 , 0.81837 , 0.08123 , 11
24 , 3 , 0.81422 , 0.1196 , 7
24 , 4 , 0.81634 , 0.14534 , 5
24 , 5 , 0.81397 , 0.18643 , 10
24 , 6 , 0.82036 , 0.21708 , 8
24 , 7 , 0.8148 , 0.24719 , 8
24 , 8 , 0.82183 , 0.28032 , 6
24 , 11 , 0.81974 , 0.38362 , 8
24 , 12 , 0.81501 , 0.41287 , 4
24 , 13 , 0.81135 , 0.45284 , 9
24 , 14 , 0.81305 , 0.48511 , 5
24 , 15 , 0.82085 , 0.52285 , 4
24 , 16 , 0.81993 , 0.5475 , 6
24 , 17 , 0.81378 , 0.57736 , 11
24 , 18 , 0.82016 , 0.62044 , 9
24 , 19 , 0.81633 , 0.64523 , 3
24 , 20 , 0.82873 , 0.69685 , 2
24 , 21 , 0.82091 , 0.71725 , 5
24 , 22 , 0.81463 , 0.75102 , 4
24 , 23 , 0.81686 , 0.7818 , 12
24 , 24 , 0.82125 , 0.81714 , 9
24 , 25 , 0.81281 , 0.84662 , 7
24 , 26 , 0.8225 , 0.87646 , 5
24 , 27 , 0.81477 , 0.91289 , 9
24 , 28 , 0.81441 , 0.95089 , 8
24 , 29 , 0.82567 , 0.97834 , 1
25 , 0 , 0.84033 , 0.00908 , 2
25 , 1 , 0.85353 , 0.05354 , 6
25 , 2 , 0.84863 , 0.07955 , 10
25 , 3 , 0.84997 , 0.11501 , 7
25 , 4 , 0.8467 , 0.15175 , 6
25 , 5 , 0.85184 , 0.18196 , 4
25 , 6 , 0.84886 , 0.22147 , 8
25 , 7 , 0.84981 , 0.24324 , 7
25 , 8 , 0.8461 , 0.28652 , 7
25 , 9 , 0.84727 , 0.3078 , 7
25 , 10 , 0.84715 , 0.35708 , 2
25 , 11 , 0.8526 , 0.37747 , 10
25 , 12 , 0.84617 , 0.41865 , 7
25 , 13 , 0.85498 , 0.45479 , 6
25 , 14 , 0.84708 , 0.48812 , 5
25 , 15 , 0.85341 , 0.51757 , 8
25 , 16 , 0.84293 , 0.54911 , 8
25 , 17 , 0.85083 , 0.58044 , 7
25 , 18 , 0.84966 , 0.61496 , 5
25 , 19 , 0.84417 , 0.64808 , 5
25 , 20 , 0.83521 , 0.68913 , 3
25 , 21 , 0.84583 , 0.71871 , 12
25 , 22 , 0.85317 , 0.74879 , 5
25 , 23 , 0.8553 , 0.78369 , 4
25 , 24 , 0.84687 , 0.81219 , 5
25 , 25 , 0.84902 , 0.85398 , 8
25 , 26 , 0.84633 , 0.88492 , 9
25 , 27 , 0.85802 , 0.91851 , 8
25 , 28 , 0.85046 , 0.95061 , 6
25 , 29 , 0.85291 , 0.98021 , 5
26 , 1 , 0.88067 , 0.0526 , 9
26 , 2 , 0.88288 , 0.08808 , 4
26 , 3 , 0.88126 , 0.11115 , 5
26 , 4 , 0.88845 , 0.15007 , 2
26 , 5 , 0.88672 , 0.18381 , 10
26 , 6 , 0.88486 , 0.22551 , 5
26 , 7 , 0.88652 , 0.24957 , 6
26 , 8 , 0.87863 , 0.28451 , 8
26 , 11 , 0.87873 , 0.38784 , 7
26 , 12 , 0.88561 , 0.41729 , 7
26 , 13 , 0.8844 , 0.44178 , 5
26 , 14 , 0.8788 , 0.4836 , 8
26 , 15 , 0.8846 , 0.51525 , 6
26 , 16 , 0.88532 , 0.54833 , 6
26 , 17 , 0.88791 , 0.58124 , 5
26 , 18 , 0.88022 , 0.60934 , 8
26 , 19 , 0.86996 , 0.6418 , 1
26 , 21 , 0.88069 , 0.72247 , 4
26 , 22 , 0.88234 , 0.74684 , 9
26 , 23 , 0.88307 , 0.77869 , 5
26 , 24 , 0.8809 , 0.82604 , 6
26 , 25 , 0.88306 , 0.85807 , 6
26 , 26 , 0.88716 , 0.885 , 8
26 , 27 , 0.88623 , 0.91744 , 7
26 , 28 , 0.88182 , 0.9521 , 4
26 , 29 , 0.87447 , 0.97616 , 1
27 , 1 , 0.90127 , 0.06306 , 1
27 , 2 , 0.91077 , 0.08239 , 6
27 , 3 , 0.91446 , 0.11189 , 6
27 , 4 , 0.91922 , 0.15439 , 8
27 , 5 , 0.92187 , 0.18182 , 5
27 , 6 , 0.91869 , 0.21823 , 4
27 , 7 , 0.91271 , 0.24631 , 9
27 , 12 , 0.90788 , 0.41266 , 5
27 , 13 , 0.92435 , 0.44773 , 6
27 , 14 , 0.91609 , 0.47932 , 10
27 , 15 , 0.90784 , 0.50354 , 3
27 , 16 , 0.91343 , 0.55445 , 6
27 , 17 , 0.90786 , 0.57633 , 2
27 , 22 , 0.90814 , 0.75313 , 5
27 , 23 , 0.92231 , 0.77465 , 6
27 , 24 , 0.91802 , 0.81387 , 6
27 , 25 , 0.91817 , 0.84947 , 4
27 , 26 , 0.91824 , 0.88492 , 5
27 , 27 , 0.91076 , 0.91886 , 5
28 , 3 , 0.94809 , 0.12485 , 4
28 , 4 , 0.94894 , 0.15632 , 7
28 , 5 , 0.95459 , 0.18281 , 7
28 , 6 , 0.94147 , 0.21654 , 3
28 , 13 , 0.94459 , 0.45296 , 4
28 , 14 , 0.94936 , 0.48647 , 9
28 , 15 , 0.95132 , 0.51604 , 7
28 , 16 , 0.95691 , 0.55086 , 2
28 , 17 , 0.93559 , 0.57216 , 1
28 , 23 , 0.94736 , 0.79588 , 4
28 , 24 , 0.94656 , 0.82026 , 5
28 , 25 , 0.94755 , 0.84526 , 7
28 , 26 , 0.94309 , 0.87938 , 9
29 , 4 , 0.97957 , 0.15386 , 8
29 , 5 , 0.98041 , 0.16834 , 4
29 , 14 , 0.97763 , 0.48944 , 3
29 , 15 , 0.98472 , 0.51279 , 5
29 , 16 , 0.9697 , 0.53899 , 1
29 , 24 , 0.97949 , 0.82498 , 3
29 , 25 , 0.98419 , 0.84681 , 5
29 , 26 , 0.9707 , 0.87349 , 3
